1	1609249530204	96345739
1	1609249531226	21199298
1	1609249532147	20461040
1	1609249532957	9976345
1	1609249533674	15748252
1	1609249534295	19905665
1	1609249534813	17653264
1	1609249535226	12871336
1	1609249535541	14778343
1	1609249535749	7869175
1	1609249535858	8126764
1	1609249535865	6709987
1	1609249535875	9200940
1	1609249535885	9798884
1	1609249535893	8704943
1	1609249535904	10064057
1	1609249535916	11596236
1	1609249535927	10978966
1	1609249535945	17524118
1	1609249535955	9599048
1	1609249535963	8154297
1	1609249535973	9659437
1	1609249535985	11997452
1	1609249535997	11514186
1	1609249536007	9670059
1	1609249536017	9295831
1	1609249536035	17638157
1	1609249536053	17529221
1	1609249536060	6519706
1	1609249536072	11531536
1	1609249536082	10326871
1	1609249536092	9672153
1	1609249536107	14740802
1	1609249536115	7386543
1	1609249536121	6087845
1	1609249536130	9048597
1	1609249536140	9399988
1	1609249536149	9143232
1	1609249536160	10680335
1	1609249536172	11021142
1	1609249536182	9662483
1	1609249536193	10349987
1	1609249536216	22968120
1	1609249536228	12324336
1	1609249536240	10883397
1	1609249536249	9407846
1	1609249536258	8830594
1	1609249536271	12428701
1	1609249536284	12537591
1	1609249536304	19603227
1	1609249536312	8000628
1	1609249536328	15165353
1	1609249536341	13297106
1	1609249536354	12438278
1	1609249536362	7699313
1	1609249536379	16030121
1	1609249536388	9297179
1	1609249536397	8665166
1	1609249536405	7240501
1	1609249536419	13160044
1	1609249536446	27164927
1	1609249536455	7670164
1	1609249536463	8066055
1	1609249536476	13266378
1	1609249536492	15815677
1	1609249536500	7101290
1	1609249536516	15732984
1	1609249536526	9785441
1	1609249536534	8362935
1	1609249536546	10895370
1	1609249536554	8406418
1	1609249536562	7394128
1	1609249536571	9424244
1	1609249536578	6647917
1	1609249536586	8324598
1	1609249536596	9674864
1	1609249536606	9300113
1	1609249536612	6250093
1	1609249536618	6122505
1	1609249536624	5417026
1	1609249536637	12537788
1	1609249536654	17029806
1	1609249536663	7975198
1	1609249536674	11043953
1	1609249536681	6485854
1	1609249536690	9138404
1	1609249536701	11119578
1	1609249536708	6151419
1	1609249536718	9750475
1	1609249536734	15805275
1	1609249536742	8099628
1	1609249536750	7027254
1	1609249536760	9931300
1	1609249536767	7499440
1	1609249536775	7560426
1	1609249536787	11975916
1	1609249536799	11672175
1	1609249536806	6601468
1	1609249536812	5960024
1	1609249536824	11838256
1	1609249536834	10011140
1	1609249536850	15098208
1	1609249536861	11017129
1	1609249536869	8070978
1	1609249536878	8447700
1	1609249536890	12647374
1	1609249536899	8580221
1	1609249536906	6886085
1	1609249536912	5995735
1	1609249536921	8417318
1	1609249536930	9093343
1	1609249536939	8928646
1	1609249536948	8179956
1	1609249536953	5526524
1	1609249536960	6364874
1	1609249536967	6378296
1	1609249536973	5846619
1	1609249536984	11177751
1	1609249536993	8422703
1	1609249537000	7275130
1	1609249537011	10537151
1	1609249537020	8487874
1	1609249537027	7385315
1	1609249537037	9448715
1	1609249537049	11514073
1	1609249537054	5004763
1	1609249537061	7236604
1	1609249537072	10371587
1	1609249537079	7025332
1	1609249537086	6707720
1	1609249537094	8069901
1	1609249537100	5422586
1	1609249537110	10879386
1	1609249537118	7843421
1	1609249537127	8394394
1	1609249537133	6182578
1	1609249537145	9164479
1	1609249537151	6180605
1	1609249537159	7180884
1	1609249537172	12689906
1	1609249537182	10051543
1	1609249537190	7873306
1	1609249537199	9403626
1	1609249537254	55162971
1	1609249537262	7310995
1	1609249537273	10694845
1	1609249537283	10083789
1	1609249537294	10914206
1	1609249537306	11942897
1	1609249537313	7342905
1	1609249537324	10354540
1	1609249537335	11246304
1	1609249537343	7789286
1	1609249537353	10336513
1	1609249537363	9397756
1	1609249537372	9261564
1	1609249537380	7281497
1	1609249537392	12474322
1	1609249537407	14023889
1	1609249537422	15050619
1	1609249537440	17904091
1	1609249537450	9177240
1	1609249537459	8906564
1	1609249537466	7637708
1	1609249537474	7908066
1	1609249537486	11317500
1	1609249537498	12395142
1	1609249537512	13388667
1	1609249537522	9843335
1	1609249537529	7290331
1	1609249537536	6760959
1	1609249537548	11560761
1	1609249537555	7545425
1	1609249537563	7523192
1	1609249537571	7599633
1	1609249537577	6053252
1	1609249537586	8997206
1	1609249537599	13167128
1	1609249537619	19283575
1	1609249537624	5778428
1	1609249537633	8278869
1	1609249537640	6987944
1	1609249537647	7157786
1	1609249537668	20193022
1	1609249537677	9242667
1	1609249537684	7006805
1	1609249537691	6811227
1	1609249537699	7843609
1	1609249537706	7102717
1	1609249537713	6279268
1	1609249537720	7174629
1	1609249537734	13729722
1	1609249537755	20777668
1	1609249537765	9635012
1	1609249537775	10095406
1	1609249537783	8576674
1	1609249537790	6061111
1	1609249537804	14039839
1	1609249537810	5583119
1	1609249537815	5222510
1	1609249537823	7514396
1	1609249537830	7151776
1	1609249537839	9341128
1	1609249537846	6259447
1	1609249537852	6862649
1	1609249537860	7252270
1	1609249537874	14149490
1	1609249537882	7275105
1	1609249537913	31145138
1	1609249537925	11742844
1	1609249537936	11034264
1	1609249537941	5283212
1	1609249537947	5783446
1	1609249537954	6559964
1	1609249537962	8183733
1	1609249537968	5090563
1	1609249537973	5363235
1	1609249537983	10144603
1	1609249537995	11228037
1	1609249538002	7387966
1	1609249538008	5924176
1	1609249538016	7251980
1	1609249538022	6092439
1	1609249538032	10292439
1	1609249538038	5876536
1	1609249538048	9475654
1	1609249538056	8027377
1	1609249538064	7645730
1	1609249538072	7368256
1	1609249538080	7699539
1	1609249538088	8631304
1	1609249538098	9465956
1	1609249538109	11042656
1	1609249538118	8129919
1	1609249538129	11422176
1	1609249538143	13870256
1	1609249538150	6941427
1	1609249538160	9703863
1	1609249538167	6647602
1	1609249538175	7418790
1	1609249538185	10576467
1	1609249538192	6558908
1	1609249538198	6073440
1	1609249538205	7227568
1	1609249538217	11685785
1	1609249538223	5923555
1	1609249538229	5725184
1	1609249538237	8010305
1	1609249538244	6891684
1	1609249538252	8066917
1	1609249538265	12353420
1	1609249538282	14847628
1	1609249538292	10459994
1	1609249538300	7867982
1	1609249538308	7144217
1	1609249538320	10649206
1	1609249538326	6331461
1	1609249538335	8808347
1	1609249538343	8052543
1	1609249538351	8191560
1	1609249538359	7337941
1	1609249538368	9154585
1	1609249538375	7092275
1	1609249538383	7964520
1	1609249538391	7322818
1	1609249538400	8665236
1	1609249538409	8059585
1	1609249538415	6564115
1	1609249538424	8295882
1	1609249538432	7641043
1	1609249538439	7023655
1	1609249538447	7727984
1	1609249538457	10107846
1	1609249538466	9401435
1	1609249538474	8011430
1	1609249538484	9371407
1	1609249538495	11264582
1	1609249538506	10454279
1	1609249538513	6931005
1	1609249538521	8208916
1	1609249538531	9234959
1	1609249538537	6100582
1	1609249538544	6189802
1	1609249538551	7530201
1	1609249538558	6399377
1	1609249538567	8796436
1	1609249538573	6453721
1	1609249538579	5838858
1	1609249538585	5517199
1	1609249538593	8200649
1	1609249538602	9088647
1	1609249538609	6533694
1	1609249538616	6935035
1	1609249538622	6117272
1	1609249538629	6600997
1	1609249538638	9317952
1	1609249538645	6468843
1	1609249538651	6348582
1	1609249538658	6223320
1	1609249538663	5088199
1	1609249538670	6983754
1	1609249538680	9953257
1	1609249538689	8180505
1	1609249538697	7767369
1	1609249538705	8008250
1	1609249538714	8873830
1	1609249538722	7712172
1	1609249538729	7244425
1	1609249538735	5581811
1	1609249538743	7407514
1	1609249538751	7818598
1	1609249538756	5286435
1	1609249538765	8590177
1	1609249538772	6960278
1	1609249538781	8682668
1	1609249538787	5614423
1	1609249538792	5424777
1	1609249538798	5110466
1	1609249538805	6702828
1	1609249538820	14305195
1	1609249538827	7689669
1	1609249538834	6747588
1	1609249538842	7248356
1	1609249538850	8611594
1	1609249538855	4287796
1	1609249538859	4131430
1	1609249538868	8350867
1	1609249538874	6286451
1	1609249538879	4907661
1	1609249538885	5506139
1	1609249538891	6412549
1	1609249538898	6470425
1	1609249538905	6809108
1	1609249538910	5527183
1	1609249538916	5278565
1	1609249538921	5404640
1	1609249538932	11057025
1	1609249538939	6352454
1	1609249538945	6420043
1	1609249538952	6898479
1	1609249538961	8224255
1	1609249538970	8964449
1	1609249538979	8977533
1	1609249538985	5945675
1	1609249538992	7092903
1	1609249538999	7209008
1	1609249539006	6713726
1	1609249539011	4641960
1	1609249539018	6626948
1	1609249539023	5595840
1	1609249539031	7443476
1	1609249539037	5405104
1	1609249539041	4815030
1	1609249539050	8183262
1	1609249539058	8169183
1	1609249539063	4694136
1	1609249539068	5392968
1	1609249539073	4154926
1	1609249539078	4962190
1	1609249539083	5632162
1	1609249539089	5794146
1	1609249539095	5694794
1	1609249539103	7926983
1	1609249539108	4815730
1	1609249539115	6334396
1	1609249539123	8485372
1	1609249539129	5141896
1	1609249539134	5022826
1	1609249539140	6247680
1	1609249539146	5926351
1	1609249539155	8004842
1	1609249539159	4372969
1	1609249539165	6288924
1	1609249539171	5443924
1	1609249539183	8141089
1	1609249539189	6281388
1	1609249539199	9424446
1	1609249539204	5738878
1	1609249539211	6906083
1	1609249539218	6313712
1	1609249539226	8507900
1	1609249539232	5759084
1	1609249539240	8203183
1	1609249539253	12689278
1	1609249539260	6389855
1	1609249539266	6315383
1	1609249539271	4674828
1	1609249539278	7262144
1	1609249539289	10589076
1	1609249539295	5568182
1	1609249539299	4591035
1	1609249539306	6150452
1	1609249539311	5055219
1	1609249539318	7286816
1	1609249539323	4652279
1	1609249539328	4525267
1	1609249539334	6607817
1	1609249539342	6351499
1	1609249539347	5346319
1	1609249539352	5042601
1	1609249539358	5782193
1	1609249539365	6291200
1	1609249539371	6198030
1	1609249539376	4803278
1	1609249539380	4679826
1	1609249539387	6446369
1	1609249539395	7989223
1	1609249539401	5666063
1	1609249539408	7076127
1	1609249539416	7582448
1	1609249539422	5570092
1	1609249539429	7038301
1	1609249539434	5037882
1	1609249539440	5850411
1	1609249539445	4836948
1	1609249539453	8021522
1	1609249539459	5192492
1	1609249539466	6759117
1	1609249539476	9968690
1	1609249539483	7336018
1	1609249539492	8409811
1	1609249539500	7160482
1	1609249539504	4551144
1	1609249539511	6336105
1	1609249539515	4502511
1	1609249539523	8000844
1	1609249539531	7663927
1	1609249539536	4374170
1	1609249539541	4731539
1	1609249539545	4298750
1	1609249539550	4860554
1	1609249539558	7299827
1	1609249539564	6130096
1	1609249539569	4990215
1	1609249539574	4425868
1	1609249539578	3882410
1	1609249539585	6613545
1	1609249539593	7821377
1	1609249539598	5268066
1	1609249539602	4339345
1	1609249539606	4005853
1	1609249539612	5890346
1	1609249539619	6730392
1	1609249539625	5849217
1	1609249539629	4077326
1	1609249539634	4379493
1	1609249539638	4399302
1	1609249539652	14059802
1	1609249539660	6896635
1	1609249539670	10530455
1	1609249539678	7669810
1	1609249539686	8025334
1	1609249539691	5156584
1	1609249539697	5742807
1	1609249539703	6128883
1	1609249539715	11346433
1	1609249539724	8900728
1	1609249539730	6226131
1	1609249539739	8786852
1	1609249539752	12785400
1	1609249539765	12420806
1	1609249539771	6121315
1	1609249539781	10015159
1	1609249539789	7067108
1	1609249539795	6552687
1	1609249539801	5898457
1	1609249539811	9535293
1	1609249539816	5667913
1	1609249539825	8461759
1	1609249539836	8093255
1	1609249539842	5718259
1	1609249539848	6065857
1	1609249539853	4668226
1	1609249539858	4472198
1	1609249539864	6363612
1	1609249539878	13991470
1	1609249539884	5708446
1	1609249539889	3915944
1	1609249539902	12802717
1	1609249539911	9448587
1	1609249539918	7088270
1	1609249539924	5742515
1	1609249539931	7152399
1	1609249539938	6552803
1	1609249539944	5736202
1	1609249539954	9604043
1	1609249539961	7027337
1	1609249539971	9993517
1	1609249539976	4496497
1	1609249539981	4616018
1	1609249539986	5792300
1	1609249539997	10799893
1	1609249540003	5857366
1	1609249540009	5096723
1	1609249540013	4238705
1	1609249540019	5921201
1	1609249540028	9201297
1	1609249540036	6720626
1	1609249540041	5773333
1	1609249540046	4698353
1	1609249540056	8587043
1	1609249540064	7578143
1	1609249540069	4767944
1	1609249540076	6760850
1	1609249540085	5547904
1	1609249540091	5143615
1	1609249540097	6654864
1	1609249540102	4547892
1	1609249540106	3943962
1	1609249540112	6191177
1	1609249540121	9158797
1	1609249540130	8376198
1	1609249540135	5536007
1	1609249540141	5376730
1	1609249540149	8525339
1	1609249540156	6031781
1	1609249540160	4721306
1	1609249540166	5242093
1	1609249540172	6636179
1	1609249540177	4510979
1	1609249540184	7119104
1	1609249540193	8917449
1	1609249540197	4192547
1	1609249540203	5467068
1	1609249540208	5281753
1	1609249540217	8778468
1	1609249540229	11818521
1	1609249540236	6615359
1	1609249540244	8068698
1	1609249540251	6459126
1	1609249540260	8698876
1	1609249540266	6120952
1	1609249540279	13056008
1	1609249540289	9782792
1	1609249540295	5610538
1	1609249540299	4014764
1	1609249540318	19039486
1	1609249540323	5140633
1	1609249540330	6624418
1	1609249540338	7947310
1	1609249540342	4309982
1	1609249540349	6510386
1	1609249540354	4652451
1	1609249540360	6168358
1	1609249540369	8929405
1	1609249540374	5105421
1	1609249540378	3980566
1	1609249540383	4483810
1	1609249540392	8762284
1	1609249540399	7394647
1	1609249540405	5443709
1	1609249540410	5317590
1	1609249540415	5082016
1	1609249540420	4635125
1	1609249540426	6323951
1	1609249540437	10403813
1	1609249540442	4491142
1	1609249540446	4736725
1	1609249540454	7813640
1	1609249540465	10302031
1	1609249540471	6475905
1	1609249540476	4475535
1	1609249540482	5651770
1	1609249540486	4546678
1	1609249540496	10078766
1	1609249540500	4034089
1	1609249540504	3568147
1	1609249540508	3610530
1	1609249540512	4161554
1	1609249540518	5204955
1	1609249540526	7906246
1	1609249540530	3960731
1	1609249540534	4076516
1	1609249540538	3584342
1	1609249540541	3723735
1	1609249540551	9489131
1	1609249540559	7793589
1	1609249540563	4154534
1	1609249540569	5645440
1	1609249540573	3706767
1	1609249540578	4858854
1	1609249540587	9158006
1	1609249540593	5885391
1	1609249540597	4343905
1	1609249540601	3966450
1	1609249540606	4133736
1	1609249540611	4896085
1	1609249540617	6429671
1	1609249540622	4751513
1	1609249540631	8602408
1	1609249540635	3915143
1	1609249540640	5621158
1	1609249540649	8418301
1	1609249540654	5124341
1	1609249540658	4130622
1	1609249540663	4290960
1	1609249540667	3977268
1	1609249540673	5727080
1	1609249540680	7595449
1	1609249540688	7197370
1	1609249540692	4073756
1	1609249540696	4071824
1	1609249540700	4218352
1	1609249540706	5327694
1	1609249540715	8939264
1	1609249540719	3847052
1	1609249540723	4224281
1	1609249540728	4899656
1	1609249540734	5481120
1	1609249540738	4535346
1	1609249540745	6891612
1	1609249540750	5106765
1	1609249540754	3681175
1	1609249540758	3790587
1	1609249540763	4540949
1	1609249540776	13642253
1	1609249540782	5291238
1	1609249540786	3487777
1	1609249540789	3541409
1	1609249540793	3521199
1	1609249540800	6455681
1	1609249540815	15660919
1	1609249540821	5319235
1	1609249540828	7585018
1	1609249540840	11596167
1	1609249540845	4429090
1	1609249540850	4890730
1	1609249540854	4248936
1	1609249540861	6740457
1	1609249540869	8016698
1	1609249540874	4449584
1	1609249540881	6524422
1	1609249540885	4387549
1	1609249540897	12132416
1	1609249540902	4760328
1	1609249540907	4564254
1	1609249540911	3568347
1	1609249540917	5977624
1	1609249540922	4755243
1	1609249540938	16121150
1	1609249540948	10043481
1	1609249540956	7849710
1	1609249540962	5932505
1	1609249540969	6656837
1	1609249540974	4825435
1	1609249540981	6917101
1	1609249540986	5133552
1	1609249540993	7115953
1	1609249540998	4987968
1	1609249541004	5715256
1	1609249541008	4019657
1	1609249541014	5623352
1	1609249541017	3422164
1	1609249541022	4615343
1	1609249541026	4287796
1	1609249541030	3674020
1	1609249541038	7688388
1	1609249541045	7598512
1	1609249541050	4331390
1	1609249541057	7117897
1	1609249541063	5659191
1	1609249541069	5623711
1	1609249541074	5731285
1	1609249541081	6732178
1	1609249541085	3905122
1	1609249541091	5073696
1	1609249541095	3906407
1	1609249541100	5625131
1	1609249541106	5325022
1	1609249541109	3403366
1	1609249541113	3454428
1	1609249541118	5044633
1	1609249541124	6555040
1	1609249541128	3746510
1	1609249541136	7858596
1	1609249541141	4909451
1	1609249541150	8780565
1	1609249541